WSP GUI APPLICATION

* The Dynamic Data Reports save automatically in excel folder.

Vehicle Acceleration
Time in millisecond
Vehicle speed
Each axel speed
Dump valve status

| Date | Time | Time_ms | ACTUAL V | ACTUAL V | ACTUAL A | ACTUAL A | ACTUAL A | ACTUAL A | CU1 | EX1 | CU2 | EX2 | CU3 | EX3 | CU4 | EX4 |
| :--- | :--- | :--- | :--- | :--- | :--- | :--- | :--- | :--- | :--- | :--- | :--- | :--- | :--- | :--- | :--- | :--- |
| 02-04-2024 | 11:55:36 | 20 | 120 | 386 | 120 | 120 | 120 | 120 | 0 | 0 | 0 | 0 | 0 | 0 | 0 | 0 |
| 02-04-2024 | 11:55:36 | 40 | 120 | 386 | 120 | 120 | 120 | 120 | 0 | 0 | 0 | 0 | 0 | 0 | 0 | 0 |
| 02-04-2024 | 11:55:36 | 60 | 120 | 386 | 120 | 120 | 120 | 120 | 0 | 0 | 0 | 0 | 0 | 0 | 0 | 0 |
| 02-04-2024 | 11:55:36 | 80 | 120 | 386 | 120 | 120 | 120 | 120 | 0 | 0 | 0 | 0 | 0 | 0 | 0 | 0 |
| 02-04-2024 | 11:55:36 | 100 | 120 | 386 | 120 | 120 | 120 | 120 | 0 | 0 | 0 | 0 | 0 | 0 | 0 | 0 |
| 02-04-2024 | 11:55:37 | 120 | 120 | 386 | 120 | 120 | 120 | 120 | 0 | 0 | 0 | 0 | 0 | 0 | 0 | 0 |
| 02-04-2024 | 11:55:37 | 140 | 120 | 386 | 120 | 120 | 120 | 120 | 0 | 0 | 0 | 0 | 0 | 0 | 0 | 0 |
| 02-04-2024 | 11:55:37 | 160 | 120 | 386 | 120 | 120 | 120 | 120 | 0 | 0 | 0 | 0 | 0 | 0 | 0 | 0 |
| 02-04-2024 | 11:55:37 | 180 | 120 | 386 | 120 | 120 | 120 | 120 | 0 | 0 | 0 | 0 | 0 | 0 | 0 | 0 |
| 02-04-2024 | 11:55:37 | 200 | 120 | 386 | 120 | 120 | 120 | 120 | 0 | 0 | 0 | 0 | 0 | 0 | 0 | 0 |
| 02-04-2024 | 11:55:37 | 220 | 120 | 386 | 120 | 120 | 120 | 120 | 0 | 0 | 0 | 0 | 0 | 0 | 0 | 0 |
| 02-04-2024 | 11:55:37 | 240 | 120 | 386 | 120 | 120 | 120 | 120 | 0 | 0 | 0 | 0 | 0 | 0 | 0 | 0 |
| 02-04-2024 | 11:55:37 | 260 | 120 | 386 | 120 | 120 | 120 | 120 | 0 | 0 | 0 | 0 | 0 | 0 | 0 | 0 |
| 02-04-2024 | 11:55:37 | 280 | 120 | 386 | 120 | 120 | 120 | 120 | 0 | 0 | 0 | 0 | 0 | 0 | 0 | 0 |
| 02-04-2024 | 11:55:38 | 300 | 120 | 386 | 120 | 120 | 120 | 120 | 0 | 0 | 0 | 0 | 0 | 0 | 0 | 0 |
| 02-04-2024 | 11:55:38 | 320 | 120 | 386 | 120 | 120 | 120 | 120 | 0 | 0 | 0 | 0 | 0 | 0 | 0 | 0 |
| 02-04-2024 | 11:55:38 | 340 | 120 | 386 | 120 | 120 | 120 | 120 | 0 | 0 | 0 | 0 | 0 | 0 | 0 | 0 |
| 02-04-2024 | 11:55:38 | 360 | 120 | 386 | 120 | 120 | 120 | 120 | 0 | 0 | 0 | 0 | 0 | 0 | 0 | 0 |
| 02-04-2024 | 11:55:38 | 380 | 120 | -62 | 120 | 120 | 120 | 120 | 0 | 0 | 0 | 0 | 0 | 0 | 0 | 0 |
| 02-04-2024 | 11:55:38 | 400 | 120 | -11 | 120 | 120 | 120 | 120 | 0 | 0 | 0 | 0 | 0 | 0 | 0 | 0 |
| 02-04-2024 | 11:55:38 | 420 | 120 | -2 | 120 | 120 | 120 | 120 | 0 | 0 | 0 | 0 | 0 | 0 | 0 | 0 |
| 02-04-2024 | 11:55:38 | 440 | 120 | -1 | 120 | 120 | 120 | 120 | 0 | 0 | 0 | 0 | 0 | 0 | 0 | 0 |

Classification | ESCORTS-CONFIDENTIAL
Classification | ESCORTS KUBOTA-CONFIDENTIAL
12